%% File generated by CATS v.2.1Wed Jun 29 15:51:32 2011

%% The CATS webpage is http://robotics.stanford.edu/CATS

%% PARAMETER SETTINGS:
% Goods: 10; Bids: 40; Distribution: arbitrary; Runs: 1; Seed: 1309379590
% Arbitrary Distribution Parameters:
% Max Substitutable Bids = 5
% Removing HV Neighbor   = 0.1
% Adding DIAG Neighbor   = 0.2
% Additional Location    = 0.9
% Additivity             = 0.2
% Budget Factor          = 1.5
% Resale Factor          = 0.5
% Normal Private Value:
%   Mean                 = 0
%   Standard Deviation   = 30



goods 10
bids 44
dummy 8

0	530.518	0	1	2	3	6	7	8	9	#
1	896.238	0	1	2	3	4	5	6	7	8	10	#
2	945.837	0	2	3	4	5	6	7	8	9	10	#
3	911.634	1	2	3	4	5	6	7	8	9	10	#
4	873.193	0	1	3	4	5	6	7	8	9	10	#
5	869.49	0	1	2	3	4	6	7	8	9	10	#
6	857.734	0	1	2	3	4	5	6	7	9	10	#
7	1019.76	0	1	2	3	4	5	6	7	8	9	#
8	523.2	1	2	3	4	7	9	11	#
9	577.433	2	3	5	6	7	9	11	#
10	548.608	1	2	3	6	7	9	11	#
11	524.866	0	1	2	3	5	8	11	#
12	519.114	0	2	3	5	8	9	11	#
13	488.658	0	1	2	3	4	9	11	#
14	797.244	0	1	2	3	4	8	9	12	#
15	794.948	0	1	2	3	5	8	9	12	#
16	737.385	0	2	3	4	5	8	9	12	#
17	730.31	0	1	2	4	5	8	9	12	#
18	720.7	0	1	3	4	5	8	9	12	#
19	703.182	1	2	3	4	5	8	9	12	#
20	483.682	1	2	4	5	6	8	9	13	#
21	653.583	0	2	3	6	7	8	9	13	#
22	628.021	0	1	2	3	6	8	9	13	#
23	619.69	0	2	3	5	6	8	9	13	#
24	600.309	0	2	3	4	5	8	9	13	#
25	585.486	1	2	3	5	6	8	9	13	#
26	231.025	3	5	14	#
27	233.321	3	4	14	#
28	193.718	5	8	14	#
29	119.335	0	4	6	9	15	#
30	172.129	0	4	8	9	15	#
31	149.845	3	4	5	9	15	#
32	505.372	0	1	3	4	6	16	#
33	520.556	0	1	3	7	8	16	#
34	501.445	0	1	4	6	7	16	#
35	424.968	0	1	4	6	8	16	#
36	386.91	1	3	4	5	7	16	#
37	255.785	1	4	5	6	9	16	#
38	81.401	4	#
39	277.664	0	1	2	3	4	5	6	7	8	17	#
40	241.591	0	1	2	3	4	5	7	8	9	17	#
41	239.16	0	1	2	3	4	5	6	7	9	17	#
42	229.374	0	1	2	3	4	5	6	8	9	17	#
43	229.074	0	1	3	4	5	6	7	8	9	17	#
