%%%%%%%%%%%%%%%%%%%%%%%%%%%%%%%%%%%%%%%%%%%%%%%%%%%%%%%%%%%%%%%%%%%%%%%%%%%%%
 % This code is released under BRKGA-MP-IPR License:
 % https://github.com/ceandrade/brkga_mp_ipr_cpp/blob/master/LICENSE.md
 %
 % THIS SOFTWARE IS PROVIDED BY THE COPYRIGHT HOLDERS AND CONTRIBUTORS "AS IS"
 % AND ANY EXPRESS OR IMPLIED WARRANTIES, INCLUDING, BUT NOT LIMITED TO, THE
 % IMPLIED WARRANTIES OF MERCHANTABILITY AND FITNESS FOR A PARTICULAR PURPOSE
 % ARE DISCLAIMED. IN NO EVENT SHALL THE COPYRIGHT OWNER OR CONTRIBUTORS BE
 % LIABLE FOR ANY DIRECT, INDIRECT, INCIDENTAL, SPECIAL, EXEMPLARY, OR
 % CONSEQUENTIAL DAMAGES (INCLUDING, BUT NOT LIMITED TO, PROCUREMENT OF
 % SUBSTITUTE GOODS OR SERVICES; LOSS OF USE, DATA, OR PROFITS; OR BUSINESS
 % INTERRUPTION) HOWEVER CAUSED AND ON ANY THEORY OF LIABILITY, WHETHER IN
 % CONTRACT, STRICT LIABILITY, OR TORT (INCLUDING NEGLIGENCE OR OTHERWISE)
 % ARISING IN ANY WAY OUT OF THE USE OF THIS SOFTWARE, EVEN IF ADVISED OF THE
 % POSSIBILITY OF SUCH DAMAGE.
 %%%%%%%%%%%%%%%%%%%%%%%%%%%%%%%%%%%%%%%%%%%%%%%%%%%%%%%%%%%%%%%%%%%%%%%%%%%%%

%% File generated by CATS v.2.1Wed Jun 29 15:51:32 2011

%% The CATS webpage is http://robotics.stanford.edu/CATS

%% PARAMETER SETTINGS:
% Goods: 50; Bids: 200; Distribution: arbitrary; Runs: 1; Seed: 1309379608
% Arbitrary Distribution Parameters:
% Max Substitutable Bids = 5
% Removing HV Neighbor   = 0.1
% Adding DIAG Neighbor   = 0.2
% Additional Location    = 0.9
% Additivity             = 0.2
% Budget Factor          = 1.5
% Resale Factor          = 0.5
% Uniform Private Value:
%   Deviation            = 0.5
%   Max Good Value       = 100



goods 50
bids 201
dummy 37

0	298.996	0	1	29	46	50	#
1	307.036	0	6	29	46	50	#
2	294.648	22	29	31	39	50	#
3	219.834	0	19	21	46	50	#
4	168.358	1	24	39	41	50	#
5	55.0697	40	#
6	196.322	16	20	35	51	#
7	272.036	12	20	32	51	#
8	200.108	2	31	35	51	#
9	169.459	2	16	34	51	#
10	441.401	8	22	25	26	32	41	46	52	#
11	457.036	17	23	34	37	46	48	49	52	#
12	416.627	10	13	22	35	38	41	47	52	#
13	396.285	14	22	28	31	42	44	46	52	#
14	394.927	19	25	26	28	41	42	48	52	#
15	389.776	2	9	25	32	37	46	47	52	#
16	672.85	9	13	18	24	28	30	42	46	48	53	#
17	775.588	13	14	19	22	30	36	39	42	48	53	#
18	730.548	4	14	18	27	30	31	36	42	48	53	#
19	718.375	9	13	15	18	22	31	36	46	48	53	#
20	658.845	4	11	14	16	18	30	31	43	48	53	#
21	598.084	4	9	15	27	29	31	34	36	38	53	#
22	369.879	3	8	9	12	19	25	44	54	#
23	540.673	1	3	25	28	33	37	48	54	#
24	474.384	2	4	9	19	24	27	40	54	#
25	437.073	1	6	13	19	24	26	28	54	#
26	419.285	2	4	5	8	33	40	43	54	#
27	344.859	0	2	4	15	26	33	44	54	#
28	949.19	12	14	21	23	25	28	31	34	36	37	38	41	49	55	#
29	1045.14	3	13	19	25	27	28	32	36	42	46	47	48	49	55	#
30	1012.77	5	14	18	19	22	25	31	36	37	38	43	47	48	55	#
31	1011.11	3	7	10	13	18	24	25	30	34	39	42	46	49	55	#
32	1005	14	15	16	18	25	34	35	37	39	41	42	46	48	55	#
33	972.217	1	3	6	16	18	25	33	35	38	39	41	42	49	55	#
34	1879.23	0	1	3	5	7	8	9	11	14	15	18	20	21	22	25	32	35	36	37	38	40	42	47	48	56	#
35	1879.46	0	5	6	7	8	9	15	18	19	21	22	24	25	28	30	31	32	33	35	37	39	45	46	49	56	#
36	1865.44	1	3	7	8	9	10	11	13	14	15	18	22	25	26	31	35	36	37	38	42	44	47	48	49	56	#
37	1793.09	0	1	3	5	6	7	8	11	12	14	18	22	25	28	31	32	33	34	36	38	40	45	47	49	56	#
38	1768.79	1	3	9	11	15	18	21	22	24	26	28	29	32	36	37	38	39	42	43	45	46	47	48	49	56	#
39	1726.11	1	2	3	5	6	7	8	9	11	13	15	18	21	22	25	28	31	36	38	39	44	47	48	49	56	#
40	939.547	4	6	10	15	18	22	26	32	34	39	41	44	48	57	#
41	968.108	4	6	8	13	22	30	31	32	38	39	43	47	48	57	#
42	891.265	2	8	15	18	19	22	26	31	34	38	41	45	48	57	#
43	873.467	0	6	10	14	15	17	22	38	39	41	43	48	49	57	#
44	866.176	1	10	11	15	18	20	25	29	34	38	39	41	48	57	#
45	808.008	2	8	10	14	15	18	24	29	31	38	45	47	48	57	#
46	81.2994	33	#
47	131.69	37	#
48	929.623	0	10	14	20	23	25	33	37	38	40	44	47	49	58	#
49	1057.29	1	13	14	18	23	32	33	37	38	39	45	47	49	58	#
50	998.974	3	6	13	18	22	23	25	27	28	33	38	40	47	58	#
51	915.399	7	10	12	14	18	27	28	36	38	40	43	44	49	58	#
52	902.648	0	1	3	9	13	23	24	28	32	36	37	41	43	58	#
53	894.246	5	9	12	13	14	18	24	33	37	38	44	47	49	58	#
54	326.826	1	12	36	39	44	47	59	#
55	459.212	2	8	15	32	33	36	59	#
56	422.977	1	15	18	19	33	39	59	#
57	414.754	12	14	33	36	41	45	59	#
58	374.955	1	10	11	28	36	44	59	#
59	251.186	2	4	5	19	27	47	59	#
60	1309.89	4	5	6	11	13	15	16	17	19	23	29	35	36	37	43	45	46	48	60	#
61	1339.17	4	10	11	13	14	16	17	18	19	23	24	32	33	36	37	45	46	49	60	#
62	1333.98	6	7	10	14	15	16	19	23	24	26	28	29	31	38	39	45	48	49	60	#
63	1315.69	5	7	9	11	12	13	17	20	21	23	24	29	30	32	33	35	37	38	60	#
64	1285.87	6	10	11	14	15	20	21	24	26	30	31	35	36	37	39	43	45	46	60	#
65	1271.28	3	6	11	12	13	14	16	18	19	21	23	24	28	33	34	35	38	43	60	#
66	1221.16	1	2	3	4	5	6	9	12	13	14	18	20	21	28	37	42	43	46	61	#
67	1414.77	1	2	3	5	8	9	12	14	18	25	28	29	30	31	32	42	46	48	61	#
68	1278.15	0	1	2	5	12	14	22	28	32	37	38	40	41	42	43	44	48	49	61	#
69	1277.15	1	2	3	6	8	9	15	18	28	30	31	32	33	35	37	40	46	48	61	#
70	1217.58	0	1	2	5	6	9	10	12	13	14	25	28	29	32	37	41	46	48	61	#
71	1202.98	3	7	8	10	13	14	15	18	20	21	23	28	30	32	38	41	42	46	61	#
72	260.739	12	32	49	62	#
73	256.184	3	46	49	62	#
74	176.863	32	35	43	62	#
75	176.649	5	12	29	62	#
76	321.037	8	10	23	26	34	35	63	#
77	406.449	0	8	22	23	27	36	63	#
78	366.595	10	19	21	26	34	44	63	#
79	299.501	2	16	21	32	34	44	63	#
80	195.273	2	6	16	18	26	47	63	#
81	382.749	3	5	22	32	37	64	#
82	424.301	3	6	7	10	34	64	#
83	404.508	5	6	7	32	49	64	#
84	388.53	14	21	22	23	36	64	#
85	316.782	5	11	33	37	41	64	#
86	313.558	2	5	32	37	42	64	#
87	212.731	2	4	9	28	40	43	65	#
88	279.412	0	2	20	23	43	46	65	#
89	276.057	8	11	25	27	40	47	65	#
90	1041.68	0	1	3	4	7	8	11	12	14	16	17	24	25	31	32	34	42	45	46	49	66	#
91	1316.32	1	2	3	4	7	10	22	25	27	28	29	30	31	32	33	39	40	41	42	46	66	#
92	1265.35	1	2	4	7	8	10	12	13	17	22	23	29	31	32	34	37	40	41	42	46	66	#
93	1252.75	2	3	4	8	9	11	12	22	23	25	28	31	33	35	36	37	39	42	43	45	66	#
94	1247.11	3	7	12	13	14	15	17	22	23	25	28	29	31	33	34	35	36	41	45	46	66	#
95	1235.53	1	2	3	7	9	10	11	12	13	16	17	22	26	29	31	34	36	39	46	49	66	#
96	698.235	0	2	4	7	8	13	14	16	43	49	67	#
97	855.759	7	12	13	24	27	29	34	41	46	48	67	#
98	821.163	5	7	14	16	24	27	30	39	42	48	67	#
99	775.069	4	6	8	10	14	21	25	36	46	49	67	#
100	722.981	0	8	9	12	16	17	27	29	36	48	67	#
101	690.771	4	8	9	12	13	16	27	28	29	48	67	#
102	367.117	6	13	21	22	31	35	36	68	#
103	502.794	7	19	21	26	30	36	39	68	#
104	442.008	6	9	18	19	27	31	44	68	#
105	398.578	7	13	21	26	30	45	46	68	#
106	378.242	3	6	21	24	31	42	46	68	#
107	358.981	15	23	31	32	37	40	41	68	#
108	152.071	8	16	69	#
109	126.743	8	27	69	#
110	2224.48	0	1	4	5	6	8	9	11	12	13	15	16	17	18	19	20	21	22	24	25	26	27	28	29	30	31	32	33	36	37	39	40	42	43	44	45	47	70	#
111	2367.61	1	4	5	6	8	9	11	12	15	16	18	19	20	21	22	23	24	25	26	27	28	29	30	31	32	33	34	35	36	37	38	39	43	44	46	47	48	70	#
112	2366.38	0	1	4	5	6	8	9	10	12	14	15	16	18	20	21	22	23	24	25	26	27	28	29	30	31	32	33	36	37	39	40	42	43	44	46	47	49	70	#
113	2333.32	1	3	4	5	6	8	9	12	13	15	16	17	18	20	21	22	24	25	26	27	28	29	30	31	32	33	34	36	37	39	42	44	45	46	47	48	49	70	#
114	2302.33	0	1	4	5	6	8	9	11	12	15	16	17	18	19	20	21	22	24	25	26	27	28	29	31	32	33	36	37	38	39	40	43	44	46	47	48	49	70	#
115	2299.16	1	5	6	8	9	11	12	13	15	16	17	18	19	20	21	22	23	24	25	26	27	28	29	30	31	32	33	34	36	37	38	39	41	44	46	47	49	70	#
116	266.694	37	38	40	71	#
117	341.706	14	22	37	71	#
118	233.433	3	35	38	71	#
119	610.381	5	13	23	24	30	36	39	43	72	#
120	646.133	5	18	32	37	40	42	43	45	72	#
121	568.448	10	16	17	23	25	36	43	46	72	#
122	562.966	10	23	24	28	32	38	41	48	72	#
123	535.774	7	13	21	28	32	40	42	43	72	#
124	534.514	16	18	34	36	38	39	40	45	72	#
125	868.782	6	8	13	14	17	22	30	33	36	41	43	73	#
126	1010.36	8	14	18	20	22	23	27	36	37	38	48	73	#
127	943.287	3	6	11	14	19	22	27	29	31	33	42	73	#
128	896.931	4	8	9	15	22	28	30	31	33	36	43	73	#
129	874.737	4	6	8	11	20	29	33	36	43	45	48	73	#
130	798.998	3	4	8	18	22	23	28	34	36	44	48	73	#
131	398.602	6	11	15	17	35	37	38	74	#
132	544.941	15	16	27	28	29	36	38	74	#
133	535.837	7	16	17	32	34	37	43	74	#
134	493.08	6	26	29	34	35	37	46	74	#
135	487.142	5	6	7	10	17	20	42	74	#
136	387.58	3	9	11	20	28	33	38	74	#
137	629.161	1	13	17	18	21	24	25	29	30	43	49	75	#
138	788.019	3	8	9	17	19	25	28	30	33	34	49	75	#
139	785.045	5	8	9	12	17	18	19	22	30	34	43	75	#
140	782.78	1	8	9	10	12	21	22	30	31	43	48	75	#
141	757.967	17	18	20	23	31	34	37	42	45	48	49	75	#
142	736.529	5	8	9	10	12	13	17	18	29	30	42	75	#
143	292.916	0	10	20	36	76	#
144	283.635	0	23	24	36	76	#
145	263.108	10	16	24	42	76	#
146	245.569	0	8	33	38	76	#
147	529.974	1	6	8	12	25	46	77	#
148	416.949	11	12	24	29	35	43	77	#
149	413.106	1	15	25	31	37	44	77	#
150	402.601	1	8	23	34	42	44	77	#
151	401.293	5	8	17	22	31	49	77	#
152	122.076	30	#
153	989.171	3	5	9	11	12	19	22	23	28	29	33	34	37	44	78	#
154	1170.47	1	10	22	28	29	32	34	36	37	42	43	46	47	49	78	#
155	976.128	1	2	11	16	17	18	19	22	23	25	27	32	33	49	78	#
156	944.46	1	5	9	10	19	22	24	27	28	30	31	34	35	47	78	#
157	934.875	1	2	8	10	11	19	28	30	36	39	42	43	44	47	78	#
158	873.452	2	3	9	11	12	16	19	22	23	40	43	44	48	49	78	#
159	472.297	4	6	12	13	24	28	44	47	79	#
160	581.152	10	12	13	24	27	28	41	42	79	#
161	574.305	4	6	12	16	31	40	42	43	79	#
162	533.005	2	4	8	10	12	25	28	36	79	#
163	520.418	0	6	12	13	20	28	29	43	79	#
164	502.718	1	13	17	28	33	37	44	45	79	#
165	888.544	1	7	10	12	17	19	29	35	36	38	45	80	#
166	1063.3	6	7	8	10	17	22	36	37	39	40	42	80	#
167	952.56	7	10	12	17	22	23	34	37	41	43	48	80	#
168	929.185	1	4	7	12	17	24	30	33	35	36	42	80	#
169	837.619	0	7	16	17	22	25	27	29	36	40	48	80	#
170	786.956	4	7	10	12	14	18	19	20	26	35	40	80	#
171	726.339	2	12	13	22	23	26	29	33	35	43	44	46	81	#
172	940.555	5	8	11	12	20	22	30	33	35	38	46	49	81	#
173	891.36	2	5	19	26	28	30	33	35	38	43	45	49	81	#
174	852.394	5	7	11	13	22	26	28	29	33	38	43	44	81	#
175	842.561	2	7	9	10	12	15	22	25	30	35	44	49	81	#
176	823.412	0	2	7	13	14	22	28	30	35	38	43	49	81	#
177	573.197	2	6	7	11	15	18	22	34	82	#
178	748.596	4	6	22	28	32	38	42	49	82	#
179	745.933	7	15	34	36	37	42	46	49	82	#
180	608.634	2	6	14	18	20	28	33	42	82	#
181	596.861	5	7	11	12	18	36	37	38	82	#
182	570.338	2	6	16	22	23	32	38	46	82	#
183	181.911	4	5	30	47	83	#
184	178.609	3	4	29	45	83	#
185	107.634	1	2	5	11	83	#
186	963.01	1	3	7	8	11	12	17	22	25	27	29	39	42	84	#
187	996.027	6	7	8	14	22	27	33	34	36	37	40	41	48	84	#
188	947.907	4	7	8	12	14	27	28	29	32	33	36	41	48	84	#
189	894.06	1	3	5	7	8	13	17	25	29	33	36	41	47	84	#
190	875.465	2	3	4	6	14	17	30	33	34	35	38	42	43	84	#
191	864.331	1	2	4	5	6	12	14	17	22	23	27	28	33	84	#
192	200.617	7	21	27	35	85	#
193	278.707	8	10	35	40	85	#
194	234.493	3	7	8	41	85	#
195	192.233	3	7	11	27	85	#
196	135.323	4	21	32	40	85	#
197	197.366	20	28	32	86	#
198	248.251	20	42	48	86	#
199	198.436	12	28	29	86	#
200	179.916	32	46	47	86	#
